{
 "cells": [
  {
   "cell_type": "code",
   "execution_count": 1,
   "metadata": {},
   "outputs": [
    {
     "name": "stdout",
     "output_type": "stream",
     "text": [
      "utils.py Loading\n"
     ]
    }
   ],
   "source": [
    "from matplotlib import pyplot as plt\n",
    "from utils.utils import *\n",
    "import utils.promethee_functions as pf\n",
    "import utils.clustering_functions as cf"
   ]
  },
  {
   "cell_type": "code",
   "execution_count": null,
   "metadata": {},
   "outputs": [
    {
     "name": "stderr",
     "output_type": "stream",
     "text": [
      "C:\\Users\\raphu\\AppData\\Local\\Temp\\ipykernel_32592\\3475588919.py:4: DeprecationWarning: DataFrameGroupBy.apply operated on the grouping columns. This behavior is deprecated, and in a future version of pandas the grouping columns will be excluded from the operation. Either pass `include_groups=False` to exclude the groupings or explicitly select the grouping columns after groupby to silence this warning.\n",
      "  dates = df.groupby(\"Name\").apply(lambda x: x[\"date\"].values)\n"
     ]
    },
    {
     "data": {
      "application/vnd.microsoft.datawrangler.viewer.v0+json": {
       "columns": [
        {
         "name": "index",
         "rawType": "int64",
         "type": "integer"
        },
        {
         "name": "date",
         "rawType": "object",
         "type": "string"
        },
        {
         "name": "open",
         "rawType": "float64",
         "type": "float"
        },
        {
         "name": "high",
         "rawType": "float64",
         "type": "float"
        },
        {
         "name": "low",
         "rawType": "float64",
         "type": "float"
        },
        {
         "name": "close",
         "rawType": "float64",
         "type": "float"
        },
        {
         "name": "volume",
         "rawType": "int64",
         "type": "integer"
        },
        {
         "name": "Name",
         "rawType": "object",
         "type": "string"
        }
       ],
       "conversionMethod": "pd.DataFrame",
       "ref": "ed75b685-9dbf-4b4a-a9cd-605e9c528d06",
       "rows": [
        [
         "0",
         "2013-02-08",
         "15.07",
         "15.12",
         "14.63",
         "14.75",
         "8407500",
         "AAL"
        ],
        [
         "1",
         "2013-02-11",
         "14.89",
         "15.01",
         "14.26",
         "14.46",
         "8882000",
         "AAL"
        ],
        [
         "2",
         "2013-02-12",
         "14.45",
         "14.51",
         "14.1",
         "14.27",
         "8126000",
         "AAL"
        ],
        [
         "3",
         "2013-02-13",
         "14.3",
         "14.94",
         "14.25",
         "14.66",
         "10259500",
         "AAL"
        ],
        [
         "4",
         "2013-02-14",
         "14.94",
         "14.96",
         "13.16",
         "13.99",
         "31879900",
         "AAL"
        ],
        [
         "5",
         "2013-02-15",
         "13.93",
         "14.61",
         "13.93",
         "14.5",
         "15628000",
         "AAL"
        ],
        [
         "6",
         "2013-02-19",
         "14.33",
         "14.56",
         "14.08",
         "14.26",
         "11354400",
         "AAL"
        ],
        [
         "7",
         "2013-02-20",
         "14.17",
         "14.26",
         "13.15",
         "13.33",
         "14725200",
         "AAL"
        ],
        [
         "8",
         "2013-02-21",
         "13.62",
         "13.95",
         "12.9",
         "13.37",
         "11922100",
         "AAL"
        ],
        [
         "9",
         "2013-02-22",
         "13.57",
         "13.6",
         "13.21",
         "13.57",
         "6071400",
         "AAL"
        ],
        [
         "10",
         "2013-02-25",
         "13.6",
         "13.76",
         "13.0",
         "13.02",
         "7186400",
         "AAL"
        ],
        [
         "11",
         "2013-02-26",
         "13.14",
         "13.42",
         "12.7",
         "13.26",
         "9419000",
         "AAL"
        ],
        [
         "12",
         "2013-02-27",
         "13.28",
         "13.62",
         "13.18",
         "13.41",
         "7390500",
         "AAL"
        ],
        [
         "13",
         "2013-02-28",
         "13.49",
         "13.63",
         "13.39",
         "13.43",
         "6143600",
         "AAL"
        ],
        [
         "14",
         "2013-03-01",
         "13.37",
         "13.95",
         "13.32",
         "13.61",
         "7376800",
         "AAL"
        ],
        [
         "15",
         "2013-03-04",
         "13.5",
         "14.07",
         "13.47",
         "13.9",
         "8174800",
         "AAL"
        ],
        [
         "16",
         "2013-03-05",
         "14.01",
         "14.05",
         "13.71",
         "14.05",
         "7676100",
         "AAL"
        ],
        [
         "17",
         "2013-03-06",
         "14.52",
         "14.68",
         "14.25",
         "14.57",
         "13243200",
         "AAL"
        ],
        [
         "18",
         "2013-03-07",
         "14.7",
         "14.93",
         "14.5",
         "14.82",
         "9125300",
         "AAL"
        ],
        [
         "19",
         "2013-03-08",
         "14.99",
         "15.2",
         "14.84",
         "14.92",
         "10593700",
         "AAL"
        ],
        [
         "20",
         "2013-03-11",
         "14.85",
         "15.15",
         "14.71",
         "15.13",
         "6961800",
         "AAL"
        ],
        [
         "21",
         "2013-03-12",
         "15.14",
         "15.6",
         "14.95",
         "15.5",
         "8999100",
         "AAL"
        ],
        [
         "22",
         "2013-03-13",
         "15.54",
         "16.2",
         "15.48",
         "15.91",
         "11380000",
         "AAL"
        ],
        [
         "23",
         "2013-03-14",
         "15.98",
         "16.36",
         "15.93",
         "16.25",
         "8383300",
         "AAL"
        ],
        [
         "24",
         "2013-03-15",
         "16.45",
         "16.54",
         "15.88",
         "15.98",
         "17667700",
         "AAL"
        ],
        [
         "25",
         "2013-03-18",
         "15.8",
         "16.33",
         "15.71",
         "16.29",
         "6514100",
         "AAL"
        ],
        [
         "26",
         "2013-03-19",
         "16.48",
         "16.85",
         "16.41",
         "16.78",
         "11805300",
         "AAL"
        ],
        [
         "27",
         "2013-03-20",
         "17.13",
         "17.33",
         "16.87",
         "17.23",
         "10819800",
         "AAL"
        ],
        [
         "28",
         "2013-03-21",
         "17.21",
         "17.43",
         "16.87",
         "17.0",
         "10740800",
         "AAL"
        ],
        [
         "29",
         "2013-03-22",
         "17.1",
         "17.29",
         "16.77",
         "16.86",
         "8545200",
         "AAL"
        ],
        [
         "30",
         "2013-03-25",
         "16.92",
         "17.0",
         "16.35",
         "16.6",
         "8400000",
         "AAL"
        ],
        [
         "31",
         "2013-03-26",
         "16.67",
         "16.84",
         "16.5",
         "16.51",
         "6898500",
         "AAL"
        ],
        [
         "32",
         "2013-03-27",
         "16.48",
         "16.77",
         "16.33",
         "16.65",
         "5537100",
         "AAL"
        ],
        [
         "33",
         "2013-03-28",
         "17.0",
         "17.09",
         "16.82",
         "16.97",
         "8324100",
         "AAL"
        ],
        [
         "34",
         "2013-04-01",
         "17.02",
         "17.13",
         "16.54",
         "16.67",
         "5222300",
         "AAL"
        ],
        [
         "35",
         "2013-04-02",
         "16.48",
         "16.5",
         "15.71",
         "15.74",
         "14595600",
         "AAL"
        ],
        [
         "36",
         "2013-04-03",
         "15.82",
         "15.92",
         "15.13",
         "15.53",
         "14658300",
         "AAL"
        ],
        [
         "37",
         "2013-04-04",
         "15.12",
         "15.71",
         "15.12",
         "15.69",
         "5520300",
         "AAL"
        ],
        [
         "38",
         "2013-04-05",
         "15.17",
         "15.79",
         "15.03",
         "15.72",
         "5252300",
         "AAL"
        ],
        [
         "39",
         "2013-04-08",
         "15.82",
         "15.97",
         "15.53",
         "15.84",
         "3780700",
         "AAL"
        ],
        [
         "40",
         "2013-04-09",
         "16.07",
         "16.1",
         "15.67",
         "15.7",
         "4420200",
         "AAL"
        ],
        [
         "41",
         "2013-04-10",
         "15.74",
         "15.98",
         "15.7",
         "15.78",
         "3650600",
         "AAL"
        ],
        [
         "42",
         "2013-04-11",
         "15.77",
         "16.38",
         "15.75",
         "16.19",
         "5062200",
         "AAL"
        ],
        [
         "43",
         "2013-04-12",
         "16.11",
         "16.39",
         "15.95",
         "16.14",
         "3751800",
         "AAL"
        ],
        [
         "44",
         "2013-04-15",
         "16.2",
         "16.39",
         "15.47",
         "15.59",
         "6243400",
         "AAL"
        ],
        [
         "45",
         "2013-04-16",
         "15.96",
         "16.74",
         "15.81",
         "16.37",
         "10458200",
         "AAL"
        ],
        [
         "46",
         "2013-04-17",
         "16.17",
         "16.55",
         "15.9",
         "16.52",
         "6581900",
         "AAL"
        ],
        [
         "47",
         "2013-04-18",
         "16.54",
         "16.54",
         "15.95",
         "16.1",
         "7633300",
         "AAL"
        ],
        [
         "48",
         "2013-04-19",
         "16.1",
         "16.24",
         "15.85",
         "16.02",
         "5762600",
         "AAL"
        ],
        [
         "49",
         "2013-04-22",
         "15.99",
         "16.0",
         "15.5",
         "15.52",
         "9227100",
         "AAL"
        ]
       ],
       "shape": {
        "columns": 7,
        "rows": 619040
       }
      },
      "text/html": [
       "<div>\n",
       "<style scoped>\n",
       "    .dataframe tbody tr th:only-of-type {\n",
       "        vertical-align: middle;\n",
       "    }\n",
       "\n",
       "    .dataframe tbody tr th {\n",
       "        vertical-align: top;\n",
       "    }\n",
       "\n",
       "    .dataframe thead th {\n",
       "        text-align: right;\n",
       "    }\n",
       "</style>\n",
       "<table border=\"1\" class=\"dataframe\">\n",
       "  <thead>\n",
       "    <tr style=\"text-align: right;\">\n",
       "      <th></th>\n",
       "      <th>date</th>\n",
       "      <th>open</th>\n",
       "      <th>high</th>\n",
       "      <th>low</th>\n",
       "      <th>close</th>\n",
       "      <th>volume</th>\n",
       "      <th>Name</th>\n",
       "    </tr>\n",
       "  </thead>\n",
       "  <tbody>\n",
       "    <tr>\n",
       "      <th>0</th>\n",
       "      <td>2013-02-08</td>\n",
       "      <td>15.07</td>\n",
       "      <td>15.12</td>\n",
       "      <td>14.63</td>\n",
       "      <td>14.75</td>\n",
       "      <td>8407500</td>\n",
       "      <td>AAL</td>\n",
       "    </tr>\n",
       "    <tr>\n",
       "      <th>1</th>\n",
       "      <td>2013-02-11</td>\n",
       "      <td>14.89</td>\n",
       "      <td>15.01</td>\n",
       "      <td>14.26</td>\n",
       "      <td>14.46</td>\n",
       "      <td>8882000</td>\n",
       "      <td>AAL</td>\n",
       "    </tr>\n",
       "    <tr>\n",
       "      <th>2</th>\n",
       "      <td>2013-02-12</td>\n",
       "      <td>14.45</td>\n",
       "      <td>14.51</td>\n",
       "      <td>14.10</td>\n",
       "      <td>14.27</td>\n",
       "      <td>8126000</td>\n",
       "      <td>AAL</td>\n",
       "    </tr>\n",
       "    <tr>\n",
       "      <th>3</th>\n",
       "      <td>2013-02-13</td>\n",
       "      <td>14.30</td>\n",
       "      <td>14.94</td>\n",
       "      <td>14.25</td>\n",
       "      <td>14.66</td>\n",
       "      <td>10259500</td>\n",
       "      <td>AAL</td>\n",
       "    </tr>\n",
       "    <tr>\n",
       "      <th>4</th>\n",
       "      <td>2013-02-14</td>\n",
       "      <td>14.94</td>\n",
       "      <td>14.96</td>\n",
       "      <td>13.16</td>\n",
       "      <td>13.99</td>\n",
       "      <td>31879900</td>\n",
       "      <td>AAL</td>\n",
       "    </tr>\n",
       "    <tr>\n",
       "      <th>...</th>\n",
       "      <td>...</td>\n",
       "      <td>...</td>\n",
       "      <td>...</td>\n",
       "      <td>...</td>\n",
       "      <td>...</td>\n",
       "      <td>...</td>\n",
       "      <td>...</td>\n",
       "    </tr>\n",
       "    <tr>\n",
       "      <th>619035</th>\n",
       "      <td>2018-02-01</td>\n",
       "      <td>76.84</td>\n",
       "      <td>78.27</td>\n",
       "      <td>76.69</td>\n",
       "      <td>77.82</td>\n",
       "      <td>2982259</td>\n",
       "      <td>ZTS</td>\n",
       "    </tr>\n",
       "    <tr>\n",
       "      <th>619036</th>\n",
       "      <td>2018-02-02</td>\n",
       "      <td>77.53</td>\n",
       "      <td>78.12</td>\n",
       "      <td>76.73</td>\n",
       "      <td>76.78</td>\n",
       "      <td>2595187</td>\n",
       "      <td>ZTS</td>\n",
       "    </tr>\n",
       "    <tr>\n",
       "      <th>619037</th>\n",
       "      <td>2018-02-05</td>\n",
       "      <td>76.64</td>\n",
       "      <td>76.92</td>\n",
       "      <td>73.18</td>\n",
       "      <td>73.83</td>\n",
       "      <td>2962031</td>\n",
       "      <td>ZTS</td>\n",
       "    </tr>\n",
       "    <tr>\n",
       "      <th>619038</th>\n",
       "      <td>2018-02-06</td>\n",
       "      <td>72.74</td>\n",
       "      <td>74.56</td>\n",
       "      <td>72.13</td>\n",
       "      <td>73.27</td>\n",
       "      <td>4924323</td>\n",
       "      <td>ZTS</td>\n",
       "    </tr>\n",
       "    <tr>\n",
       "      <th>619039</th>\n",
       "      <td>2018-02-07</td>\n",
       "      <td>72.70</td>\n",
       "      <td>75.00</td>\n",
       "      <td>72.69</td>\n",
       "      <td>73.86</td>\n",
       "      <td>4534912</td>\n",
       "      <td>ZTS</td>\n",
       "    </tr>\n",
       "  </tbody>\n",
       "</table>\n",
       "<p>619040 rows × 7 columns</p>\n",
       "</div>"
      ],
      "text/plain": [
       "              date   open   high    low  close    volume Name\n",
       "0       2013-02-08  15.07  15.12  14.63  14.75   8407500  AAL\n",
       "1       2013-02-11  14.89  15.01  14.26  14.46   8882000  AAL\n",
       "2       2013-02-12  14.45  14.51  14.10  14.27   8126000  AAL\n",
       "3       2013-02-13  14.30  14.94  14.25  14.66  10259500  AAL\n",
       "4       2013-02-14  14.94  14.96  13.16  13.99  31879900  AAL\n",
       "...            ...    ...    ...    ...    ...       ...  ...\n",
       "619035  2018-02-01  76.84  78.27  76.69  77.82   2982259  ZTS\n",
       "619036  2018-02-02  77.53  78.12  76.73  76.78   2595187  ZTS\n",
       "619037  2018-02-05  76.64  76.92  73.18  73.83   2962031  ZTS\n",
       "619038  2018-02-06  72.74  74.56  72.13  73.27   4924323  ZTS\n",
       "619039  2018-02-07  72.70  75.00  72.69  73.86   4534912  ZTS\n",
       "\n",
       "[619040 rows x 7 columns]"
      ]
     },
     "execution_count": 2,
     "metadata": {},
     "output_type": "execute_result"
    }
   ],
   "source": [
    "path = \"../data/temp/all_stocks_5yr.csv\"\n",
    "# https://github.com/plotly/datasets/blob/master/all_stocks_5yr.csv\n",
    "\n",
    "df = pd.read_csv(path)\n",
    "dates = df.groupby(\"Name\").apply(lambda x: x[\"date\"].values)\n",
    "\n",
    "df"
   ]
  },
  {
   "cell_type": "code",
   "execution_count": 3,
   "metadata": {},
   "outputs": [
    {
     "name": "stderr",
     "output_type": "stream",
     "text": [
      "C:\\Users\\raphu\\AppData\\Local\\Temp\\ipykernel_32592\\3893387334.py:5: FutureWarning: Series.__getitem__ treating keys as positions is deprecated. In a future version, integer keys will always be treated as labels (consistent with DataFrame behavior). To access a value by position, use `ser.iloc[pos]`\n",
      "  if not np.array_equal(dates[i], dates[0]):\n"
     ]
    },
    {
     "data": {
      "text/plain": [
       "False"
      ]
     },
     "execution_count": 3,
     "metadata": {},
     "output_type": "execute_result"
    }
   ],
   "source": [
    "# Check that dates are the same for all stocks\n",
    "\n",
    "def check_dates(dates):\n",
    "    for i in range(1, len(dates)):\n",
    "        if not np.array_equal(dates[i], dates[0]):\n",
    "            return False\n",
    "    return True\n",
    "\n",
    "check_dates(dates)\n",
    "    "
   ]
  },
  {
   "cell_type": "code",
   "execution_count": 4,
   "metadata": {},
   "outputs": [
    {
     "name": "stderr",
     "output_type": "stream",
     "text": [
      "C:\\Users\\raphu\\AppData\\Local\\Temp\\ipykernel_32592\\1657010886.py:5: DeprecationWarning: DataFrameGroupBy.apply operated on the grouping columns. This behavior is deprecated, and in a future version of pandas the grouping columns will be excluded from the operation. Either pass `include_groups=False` to exclude the groupings or explicitly select the grouping columns after groupby to silence this warning.\n",
      "  data = df.groupby(\"Name\").apply(lambda x: x[[\"open\", \"high\", \"low\", \"close\", \"volume\"]].values)\n"
     ]
    },
    {
     "data": {
      "text/plain": [
       "Name\n",
       "A       [[45.07, 45.35, 45.0, 45.08, 1824755.0], [45.1...\n",
       "AAL     [[15.07, 15.12, 14.63, 14.75, 8407500.0], [14....\n",
       "AAP     [[78.34, 79.72, 78.01, 78.9, 1298137.0], [78.6...\n",
       "AAPL    [[67.7142, 68.4014, 66.8928, 67.8542, 15816841...\n",
       "ABBV    [[36.37, 36.42, 35.825, 36.25, 13858795.0], [3...\n",
       "                              ...                        \n",
       "XYL     [[27.01, 27.64, 27.01, 27.09, 1206284.0], [27....\n",
       "YUM     [[63.7, 65.49, 63.66, 65.3, 7190051.0], [65.16...\n",
       "ZBH     [[75.02, 75.99, 74.96, 75.85, 911179.0], [75.7...\n",
       "ZION    [[24.03, 24.21, 23.95, 24.14, 2104483.0], [24....\n",
       "ZTS     [[32.31, 33.48, 32.3, 33.05, 2599232.0], [33.0...\n",
       "Length: 505, dtype: object"
      ]
     },
     "execution_count": 4,
     "metadata": {},
     "output_type": "execute_result"
    }
   ],
   "source": [
    "# Df is currently with the following columns: date, open, high, low, close, volume, Name\n",
    "# Create a new df with name as index and open, high, low, close, volume, dates as columns\n",
    "# Each cell is a np.array of the calues of the corresponding column for the stock\n",
    "\n",
    "data = df.groupby(\"Name\").apply(lambda x: x[[\"open\", \"high\", \"low\", \"close\", \"volume\"]].values)\n",
    "\n",
    "data\n"
   ]
  },
  {
   "cell_type": "code",
   "execution_count": 5,
   "metadata": {},
   "outputs": [
    {
     "data": {
      "application/vnd.microsoft.datawrangler.viewer.v0+json": {
       "columns": [
        {
         "name": "Name",
         "rawType": "object",
         "type": "string"
        },
        {
         "name": "data",
         "rawType": "object",
         "type": "unknown"
        },
        {
         "name": "open",
         "rawType": "object",
         "type": "unknown"
        },
        {
         "name": "high",
         "rawType": "object",
         "type": "unknown"
        },
        {
         "name": "low",
         "rawType": "object",
         "type": "unknown"
        },
        {
         "name": "close",
         "rawType": "object",
         "type": "unknown"
        },
        {
         "name": "volume",
         "rawType": "object",
         "type": "unknown"
        }
       ],
       "conversionMethod": "pd.DataFrame",
       "ref": "d65820db-439a-4512-b896-3d67139ccdf1",
       "rows": [
        [
         "A",
         "[[4.507000e+01 4.535000e+01 4.500000e+01 4.508000e+01 1.824755e+06]\n [4.517000e+01 4.518000e+01 4.445000e+01 4.460000e+01 2.915405e+06]\n [4.481000e+01 4.495000e+01 4.450000e+01 4.462000e+01 2.373731e+06]\n ...\n [7.086000e+01 7.148000e+01 6.818000e+01 6.822000e+01 2.860726e+06]\n [6.696000e+01 6.883000e+01 6.613000e+01 6.845000e+01 4.121239e+06]\n [6.819000e+01 6.908500e+01 6.790500e+01 6.806000e+01 1.988391e+06]]",
         "[45.07 45.17 44.81 ... 70.86 66.96 68.19]",
         "[45.35  45.18  44.95  ... 71.48  68.83  69.085]",
         "[45.    44.45  44.5   ... 68.18  66.13  67.905]",
         "[45.08 44.6  44.62 ... 68.22 68.45 68.06]",
         "[1824755. 2915405. 2373731. ... 2860726. 4121239. 1988391.]"
        ],
        [
         "AAL",
         "[[1.507000e+01 1.512000e+01 1.463000e+01 1.475000e+01 8.407500e+06]\n [1.489000e+01 1.501000e+01 1.426000e+01 1.446000e+01 8.882000e+06]\n [1.445000e+01 1.451000e+01 1.410000e+01 1.427000e+01 8.126000e+06]\n ...\n [5.199000e+01 5.239000e+01 4.975000e+01 4.976000e+01 6.878284e+06]\n [4.932000e+01 5.150000e+01 4.879000e+01 5.118000e+01 6.782480e+06]\n [5.091000e+01 5.198000e+01 5.089000e+01 5.140000e+01 4.845831e+06]]",
         "[15.07 14.89 14.45 ... 51.99 49.32 50.91]",
         "[15.12 15.01 14.51 ... 52.39 51.5  51.98]",
         "[14.63 14.26 14.1  ... 49.75 48.79 50.89]",
         "[14.75 14.46 14.27 ... 49.76 51.18 51.4 ]",
         "[8407500. 8882000. 8126000. ... 6878284. 6782480. 4845831.]"
        ],
        [
         "AAP",
         "[[7.834000e+01 7.972000e+01 7.801000e+01 7.890000e+01 1.298137e+06]\n [7.865000e+01 7.891000e+01 7.723000e+01 7.839000e+01 7.580160e+05]\n [7.839000e+01 7.863000e+01 7.751320e+01 7.860000e+01 8.768590e+05]\n ...\n [1.130500e+02 1.149700e+02 1.098100e+02 1.098600e+02 1.281592e+06]\n [1.082800e+02 1.131100e+02 1.067450e+02 1.122000e+02 1.240784e+06]\n [1.120900e+02 1.145799e+02 1.099000e+02 1.099300e+02 2.163545e+06]]",
         "[ 78.34  78.65  78.39 ... 113.05 108.28 112.09]",
         "[ 79.72    78.91    78.63   ... 114.97   113.11   114.5799]",
         "[ 78.01    77.23    77.5132 ... 109.81   106.745  109.9   ]",
         "[ 78.9   78.39  78.6  ... 109.86 112.2  109.93]",
         "[1298137.  758016.  876859. ... 1281592. 1240784. 2163545.]"
        ],
        [
         "AAPL",
         "[[6.77142000e+01 6.84014000e+01 6.68928000e+01 6.78542000e+01\n  1.58168416e+08]\n [6.80714000e+01 6.92771000e+01 6.76071000e+01 6.85614000e+01\n  1.29029425e+08]\n [6.85014000e+01 6.89114000e+01 6.68205000e+01 6.68428000e+01\n  1.51829363e+08]\n ...\n [1.59100000e+02 1.63880000e+02 1.56000000e+02 1.56490000e+02\n  7.27385220e+07]\n [1.54830000e+02 1.63720000e+02 1.54000000e+02 1.63030000e+02\n  6.82438380e+07]\n [1.63085000e+02 1.63400000e+02 1.59068500e+02 1.59540000e+02\n  5.16085800e+07]]",
         "[ 67.7142  68.0714  68.5014 ... 159.1    154.83   163.085 ]",
         "[ 68.4014  69.2771  68.9114 ... 163.88   163.72   163.4   ]",
         "[ 66.8928  67.6071  66.8205 ... 156.     154.     159.0685]",
         "[ 67.8542  68.5614  66.8428 ... 156.49   163.03   159.54  ]",
         "[1.58168416e+08 1.29029425e+08 1.51829363e+08 ... 7.27385220e+07\n 6.82438380e+07 5.16085800e+07]"
        ],
        [
         "ABBV",
         "[[3.6370000e+01 3.6420000e+01 3.5825000e+01 3.6250000e+01 1.3858795e+07]\n [3.6130000e+01 3.6180000e+01 3.5750000e+01 3.5850000e+01 6.0319570e+06]\n [3.5770000e+01 3.5900000e+01 3.5200000e+01 3.5420000e+01 7.4739910e+06]\n ...\n [1.1300000e+02 1.1553500e+02 1.0940000e+02 1.0951000e+02 9.8278250e+06]\n [1.0491000e+02 1.1352000e+02 1.0100000e+02 1.1120000e+02 1.4107829e+07]\n [1.1152000e+02 1.1685000e+02 1.1138000e+02 1.1362000e+02 1.0030837e+07]]",
         "[ 36.37  36.13  35.77 ... 113.   104.91 111.52]",
         "[ 36.42   36.18   35.9   ... 115.535 113.52  116.85 ]",
         "[ 35.825  35.75   35.2   ... 109.4   101.    111.38 ]",
         "[ 36.25  35.85  35.42 ... 109.51 111.2  113.62]",
         "[13858795.  6031957.  7473991. ...  9827825. 14107829. 10030837.]"
        ],
        [
         "ABC",
         "[[4.652000e+01 4.689500e+01 4.646000e+01 4.689000e+01 1.232802e+06]\n [4.685000e+01 4.700000e+01 4.650000e+01 4.676000e+01 1.115888e+06]\n [4.670000e+01 4.705000e+01 4.660000e+01 4.696000e+01 1.318773e+06]\n ...\n [9.562000e+01 9.652000e+01 9.169000e+01 9.190000e+01 2.278534e+06]\n [9.258000e+01 9.337000e+01 8.694030e+01 9.154000e+01 4.574997e+06]\n [9.160000e+01 9.534000e+01 9.110000e+01 9.422000e+01 2.509484e+06]]",
         "[46.52 46.85 46.7  ... 95.62 92.58 91.6 ]",
         "[46.895 47.    47.05  ... 96.52  93.37  95.34 ]",
         "[46.46   46.5    46.6    ... 91.69   86.9403 91.1   ]",
         "[46.89 46.76 46.96 ... 91.9  91.54 94.22]",
         "[1232802. 1115888. 1318773. ... 2278534. 4574997. 2509484.]"
        ],
        [
         "ABT",
         "[[3.4390000e+01 3.4660000e+01 3.4290000e+01 3.4410000e+01 1.0237828e+07]\n [3.4420000e+01 3.4490000e+01 3.4240000e+01 3.4260000e+01 7.9282360e+06]\n [3.4270000e+01 3.4500000e+01 3.4210000e+01 3.4300000e+01 7.0705360e+06]\n ...\n [6.1600000e+01 6.1870000e+01 5.8550000e+01 5.8730000e+01 1.1548229e+07]\n [5.7920000e+01 5.9260600e+01 5.7330000e+01 5.8860000e+01 1.5214679e+07]\n [5.8600000e+01 5.9850000e+01 5.8500000e+01 5.8670000e+01 6.8726630e+06]]",
         "[34.39 34.42 34.27 ... 61.6  57.92 58.6 ]",
         "[34.66   34.49   34.5    ... 61.87   59.2606 59.85  ]",
         "[34.29 34.24 34.21 ... 58.55 57.33 58.5 ]",
         "[34.41 34.26 34.3  ... 58.73 58.86 58.67]",
         "[10237828.  7928236.  7070536. ... 11548229. 15214679.  6872663.]"
        ],
        [
         "ACN",
         "[[7.301000e+01 7.371000e+01 7.282000e+01 7.331000e+01 2.000477e+06]\n [7.309000e+01 7.327000e+01 7.210000e+01 7.307000e+01 1.880055e+06]\n [7.289000e+01 7.349500e+01 7.258000e+01 7.337000e+01 1.710274e+06]\n ...\n [1.561200e+02 1.592700e+02 1.507300e+02 1.518300e+02 3.733711e+06]\n [1.502900e+02 1.551800e+02 1.494300e+02 1.546900e+02 4.259634e+06]\n [1.542200e+02 1.589300e+02 1.530700e+02 1.551500e+02 2.918659e+06]]",
         "[ 73.01  73.09  72.89 ... 156.12 150.29 154.22]",
         "[ 73.71   73.27   73.495 ... 159.27  155.18  158.93 ]",
         "[ 72.82  72.1   72.58 ... 150.73 149.43 153.07]",
         "[ 73.31  73.07  73.37 ... 151.83 154.69 155.15]",
         "[2000477. 1880055. 1710274. ... 3733711. 4259634. 2918659.]"
        ],
        [
         "ADBE",
         "[[3.831000e+01 3.945000e+01 3.814500e+01 3.912000e+01 5.104545e+06]\n [3.899000e+01 3.905000e+01 3.853400e+01 3.864000e+01 2.333712e+06]\n [3.855000e+01 3.913000e+01 3.812000e+01 3.889000e+01 3.279424e+06]\n ...\n [1.940600e+02 1.984600e+02 1.880000e+02 1.902700e+02 3.801346e+06]\n [1.865900e+02 1.948200e+02 1.821000e+02 1.944700e+02 4.479960e+06]\n [1.938700e+02 1.962400e+02 1.920200e+02 1.923400e+02 2.988024e+06]]",
         "[ 38.31  38.99  38.55 ... 194.06 186.59 193.87]",
         "[ 39.45  39.05  39.13 ... 198.46 194.82 196.24]",
         "[ 38.145  38.534  38.12  ... 188.    182.1   192.02 ]",
         "[ 39.12  38.64  38.89 ... 190.27 194.47 192.34]",
         "[5104545. 2333712. 3279424. ... 3801346. 4479960. 2988024.]"
        ],
        [
         "ADI",
         "[[4.472000e+01 4.590000e+01 4.445000e+01 4.570000e+01 2.962576e+06]\n [4.599000e+01 4.614000e+01 4.577000e+01 4.608000e+01 2.382919e+06]\n [4.615000e+01 4.635000e+01 4.596000e+01 4.627000e+01 2.313512e+06]\n ...\n [8.875000e+01 8.961000e+01 8.533000e+01 8.540000e+01 3.817435e+06]\n [8.420000e+01 8.871000e+01 8.276000e+01 8.854000e+01 5.440793e+06]\n [8.675000e+01 8.795000e+01 8.529000e+01 8.535000e+01 4.555784e+06]]",
         "[44.72 45.99 46.15 ... 88.75 84.2  86.75]",
         "[45.9  46.14 46.35 ... 89.61 88.71 87.95]",
         "[44.45 45.77 45.96 ... 85.33 82.76 85.29]",
         "[45.7  46.08 46.27 ... 85.4  88.54 85.35]",
         "[2962576. 2382919. 2313512. ... 3817435. 5440793. 4555784.]"
        ],
        [
         "ADM",
         "[[3.031000e+01 3.048000e+01 3.016000e+01 3.022000e+01 4.789484e+06]\n [3.026000e+01 3.044500e+01 3.013000e+01 3.028000e+01 4.418487e+06]\n [3.022000e+01 3.083000e+01 3.008000e+01 3.081000e+01 5.535196e+06]\n ...\n [4.224000e+01 4.254000e+01 4.051000e+01 4.060000e+01 5.039907e+06]\n [4.021000e+01 4.225000e+01 4.020000e+01 4.200000e+01 5.859620e+06]\n [4.231000e+01 4.305000e+01 4.217000e+01 4.219000e+01 4.587806e+06]]",
         "[30.31 30.26 30.22 ... 42.24 40.21 42.31]",
         "[30.48  30.445 30.83  ... 42.54  42.25  43.05 ]",
         "[30.16 30.13 30.08 ... 40.51 40.2  42.17]",
         "[30.22 30.28 30.81 ... 40.6  42.   42.19]",
         "[4789484. 4418487. 5535196. ... 5039907. 5859620. 4587806.]"
        ],
        [
         "ADP",
         "[[6.071000e+01 6.100000e+01 6.051000e+01 6.092500e+01 1.813162e+06]\n [6.079000e+01 6.098000e+01 6.028000e+01 6.034000e+01 1.366376e+06]\n [6.024000e+01 6.057000e+01 6.000000e+01 6.036000e+01 1.342315e+06]\n ...\n [1.189800e+02 1.196400e+02 1.136100e+02 1.140700e+02 2.903833e+06]\n [1.124100e+02 1.135800e+02 1.103000e+02 1.129500e+02 3.379949e+06]\n [1.120900e+02 1.156800e+02 1.116900e+02 1.135600e+02 2.625896e+06]]",
         "[ 60.71  60.79  60.24 ... 118.98 112.41 112.09]",
         "[ 61.    60.98  60.57 ... 119.64 113.58 115.68]",
         "[ 60.51  60.28  60.   ... 113.61 110.3  111.69]",
         "[ 60.925  60.34   60.36  ... 114.07  112.95  113.56 ]",
         "[1813162. 1366376. 1342315. ... 2903833. 3379949. 2625896.]"
        ],
        [
         "ADS",
         "[[1.53880e+02 1.54770e+02 1.53310e+02 1.54080e+02 2.17165e+05]\n [1.54060e+02 1.54350e+02 1.53210e+02 1.53420e+02 3.58952e+05]\n [1.53490e+02 1.53640e+02 1.52000e+02 1.52320e+02 3.89370e+05]\n ...\n [2.47180e+02 2.49500e+02 2.38700e+02 2.38780e+02 9.59510e+05]\n [2.33570e+02 2.42500e+02 2.32750e+02 2.41470e+02 1.15217e+06]\n [2.40080e+02 2.49730e+02 2.40080e+02 2.46750e+02 8.28933e+05]]",
         "[153.88 154.06 153.49 ... 247.18 233.57 240.08]",
         "[154.77 154.35 153.64 ... 249.5  242.5  249.73]",
         "[153.31 153.21 152.   ... 238.7  232.75 240.08]",
         "[154.08 153.42 152.32 ... 238.78 241.47 246.75]",
         "[ 217165.  358952.  389370. ...  959510. 1152170.  828933.]"
        ],
        [
         "ADSK",
         "[[3.879000e+01 3.900000e+01 3.869000e+01 3.889000e+01 1.534449e+06]\n [3.907000e+01 3.921000e+01 3.863000e+01 3.889000e+01 1.368345e+06]\n [3.891000e+01 3.924000e+01 3.880000e+01 3.891000e+01 1.907926e+06]\n ...\n [1.106000e+02 1.161500e+02 1.091800e+02 1.091800e+02 2.890782e+06]\n [1.064900e+02 1.126500e+02 1.046100e+02 1.126200e+02 3.144823e+06]\n [1.117700e+02 1.135600e+02 1.105100e+02 1.105400e+02 1.599666e+06]]",
         "[ 38.79  39.07  38.91 ... 110.6  106.49 111.77]",
         "[ 39.    39.21  39.24 ... 116.15 112.65 113.56]",
         "[ 38.69  38.63  38.8  ... 109.18 104.61 110.51]",
         "[ 38.89  38.89  38.91 ... 109.18 112.62 110.54]",
         "[1534449. 1368345. 1907926. ... 2890782. 3144823. 1599666.]"
        ],
        [
         "AEE",
         "[[3.279000e+01 3.279000e+01 3.249000e+01 3.261000e+01 1.834481e+06]\n [3.265000e+01 3.288000e+01 3.265000e+01 3.284000e+01 1.287610e+06]\n [3.283000e+01 3.316000e+01 3.272010e+01 3.315000e+01 1.875404e+06]\n ...\n [5.492000e+01 5.554000e+01 5.401000e+01 5.415000e+01 1.921642e+06]\n [5.352000e+01 5.366000e+01 5.189000e+01 5.300000e+01 2.420804e+06]\n [5.300000e+01 5.382000e+01 5.280000e+01 5.319000e+01 2.669942e+06]]",
         "[32.79 32.65 32.83 ... 54.92 53.52 53.  ]",
         "[32.79 32.88 33.16 ... 55.54 53.66 53.82]",
         "[32.49   32.65   32.7201 ... 54.01   51.89   52.8   ]",
         "[32.61 32.84 33.15 ... 54.15 53.   53.19]",
         "[1834481. 1287610. 1875404. ... 1921642. 2420804. 2669942.]"
        ],
        [
         "AEP",
         "[[4.455000e+01 4.463000e+01 4.425000e+01 4.457000e+01 2.312792e+06]\n [4.457000e+01 4.474000e+01 4.448000e+01 4.473000e+01 1.372326e+06]\n [4.473000e+01 4.494000e+01 4.460000e+01 4.490000e+01 1.695150e+06]\n ...\n [6.782000e+01 6.842000e+01 6.630000e+01 6.648000e+01 4.146484e+06]\n [6.545000e+01 6.587000e+01 6.394000e+01 6.491000e+01 7.872392e+06]\n [6.492000e+01 6.544000e+01 6.436000e+01 6.445000e+01 5.927662e+06]]",
         "[44.55 44.57 44.73 ... 67.82 65.45 64.92]",
         "[44.63 44.74 44.94 ... 68.42 65.87 65.44]",
         "[44.25 44.48 44.6  ... 66.3  63.94 64.36]",
         "[44.57 44.73 44.9  ... 66.48 64.91 64.45]",
         "[2312792. 1372326. 1695150. ... 4146484. 7872392. 5927662.]"
        ],
        [
         "AES",
         "[[1.1120000e+01 1.1135000e+01 1.0990000e+01 1.1070000e+01 6.4138660e+06]\n [1.1060000e+01 1.1220000e+01 1.1015000e+01 1.1200000e+01 5.7353780e+06]\n [1.1230000e+01 1.1330000e+01 1.1170000e+01 1.1310000e+01 5.0202200e+06]\n ...\n [1.1110000e+01 1.1120000e+01 1.0540000e+01 1.0600000e+01 1.5763864e+07]\n [1.0400000e+01 1.0640000e+01 1.0150000e+01 1.0580000e+01 1.1696040e+07]\n [1.0600000e+01 1.0780000e+01 1.0465000e+01 1.0480000e+01 8.7862510e+06]]",
         "[11.12 11.06 11.23 ... 11.11 10.4  10.6 ]",
         "[11.135 11.22  11.33  ... 11.12  10.64  10.78 ]",
         "[10.99  11.015 11.17  ... 10.54  10.15  10.465]",
         "[11.07 11.2  11.31 ... 10.6  10.58 10.48]",
         "[ 6413866.  5735378.  5020220. ... 15763864. 11696040.  8786251.]"
        ],
        [
         "AET",
         "[[4.983000e+01 5.095000e+01 4.949500e+01 5.060000e+01 3.844057e+06]\n [5.052000e+01 5.065000e+01 4.993000e+01 5.038000e+01 4.020642e+06]\n [5.096000e+01 5.110000e+01 4.999000e+01 5.015000e+01 3.122364e+06]\n ...\n [1.844900e+02 1.853900e+02 1.807800e+02 1.809500e+02 2.996979e+06]\n [1.793600e+02 1.835100e+02 1.788000e+02 1.820100e+02 3.450429e+06]\n [1.814900e+02 1.841200e+02 1.813900e+02 1.814900e+02 2.123860e+06]]",
         "[ 49.83  50.52  50.96 ... 184.49 179.36 181.49]",
         "[ 50.95  50.65  51.1  ... 185.39 183.51 184.12]",
         "[ 49.495  49.93   49.99  ... 180.78  178.8   181.39 ]",
         "[ 50.6   50.38  50.15 ... 180.95 182.01 181.49]",
         "[3844057. 4020642. 3122364. ... 2996979. 3450429. 2123860.]"
        ],
        [
         "AFL",
         "[[5.038000e+01 5.050000e+01 5.008000e+01 5.035000e+01 4.175138e+06]\n [5.036000e+01 5.039000e+01 5.011000e+01 5.026000e+01 3.321756e+06]\n [5.011000e+01 5.022000e+01 4.942000e+01 4.950000e+01 7.704847e+06]\n ...\n [8.866000e+01 8.911000e+01 8.605000e+01 8.621000e+01 2.443596e+06]\n [8.474000e+01 8.599000e+01 8.338000e+01 8.562000e+01 3.740933e+06]\n [8.544000e+01 8.710990e+01 8.527000e+01 8.560000e+01 2.321841e+06]]",
         "[50.38 50.36 50.11 ... 88.66 84.74 85.44]",
         "[50.5    50.39   50.22   ... 89.11   85.99   87.1099]",
         "[50.08 50.11 49.42 ... 86.05 83.38 85.27]",
         "[50.35 50.26 49.5  ... 86.21 85.62 85.6 ]",
         "[4175138. 3321756. 7704847. ... 2443596. 3740933. 2321841.]"
        ],
        [
         "AGN",
         "[[8.726000e+01 8.782000e+01 8.679000e+01 8.745000e+01 6.222100e+05]\n [8.713000e+01 8.754000e+01 8.635000e+01 8.666000e+01 8.434970e+05]\n [8.673000e+01 8.673000e+01 8.565000e+01 8.578000e+01 7.904720e+05]\n ...\n [1.719000e+02 1.724300e+02 1.650000e+02 1.650000e+02 4.653545e+06]\n [1.663000e+02 1.750000e+02 1.603000e+02 1.683300e+02 8.286363e+06]\n [1.689300e+02 1.729800e+02 1.670700e+02 1.703900e+02 3.722660e+06]]",
         "[ 87.26  87.13  86.73 ... 171.9  166.3  168.93]",
         "[ 87.82  87.54  86.73 ... 172.43 175.   172.98]",
         "[ 86.79  86.35  85.65 ... 165.   160.3  167.07]",
         "[ 87.45  86.66  85.78 ... 165.   168.33 170.39]",
         "[ 622210.  843497.  790472. ... 4653545. 8286363. 3722660.]"
        ],
        [
         "AIG",
         "[[3.8760000e+01 3.9030000e+01 3.8510000e+01 3.8790000e+01 1.3112320e+07]\n [3.8890000e+01 3.9560000e+01 3.8650000e+01 3.9450000e+01 1.4230893e+07]\n [3.9500000e+01 3.9900000e+01 3.8500000e+01 3.8630000e+01 2.5676629e+07]\n ...\n [6.2290000e+01 6.2600000e+01 6.0450000e+01 6.0630000e+01 8.5781800e+06]\n [5.9680000e+01 6.0680000e+01 5.9040000e+01 6.0260000e+01 1.2035697e+07]\n [6.0000000e+01 6.1300000e+01 5.9680000e+01 6.0470000e+01 7.7197670e+06]]",
         "[38.76 38.89 39.5  ... 62.29 59.68 60.  ]",
         "[39.03 39.56 39.9  ... 62.6  60.68 61.3 ]",
         "[38.51 38.65 38.5  ... 60.45 59.04 59.68]",
         "[38.79 39.45 38.63 ... 60.63 60.26 60.47]",
         "[13112320. 14230893. 25676629. ...  8578180. 12035697.  7719767.]"
        ],
        [
         "AIV",
         "[[2.740000e+01 2.866500e+01 2.726750e+01 2.857000e+01 1.801890e+06]\n [2.857000e+01 2.901000e+01 2.857000e+01 2.892000e+01 2.555514e+06]\n [2.887000e+01 2.916000e+01 2.878000e+01 2.916000e+01 1.558832e+06]\n ...\n [4.041000e+01 4.091000e+01 3.966000e+01 3.967000e+01 1.860221e+06]\n [3.930000e+01 3.988990e+01 3.885000e+01 3.962000e+01 2.300025e+06]\n [3.956000e+01 4.028000e+01 3.921000e+01 3.921000e+01 1.042133e+06]]",
         "[27.4  28.57 28.87 ... 40.41 39.3  39.56]",
         "[28.665  29.01   29.16   ... 40.91   39.8899 40.28  ]",
         "[27.2675 28.57   28.78   ... 39.66   38.85   39.21  ]",
         "[28.57 28.92 29.16 ... 39.67 39.62 39.21]",
         "[1801890. 2555514. 1558832. ... 1860221. 2300025. 1042133.]"
        ],
        [
         "AIZ",
         "[[3.855000e+01 3.874000e+01 3.809000e+01 3.856000e+01 6.518740e+05]\n [3.850000e+01 3.879000e+01 3.836000e+01 3.848000e+01 4.528920e+05]\n [3.915000e+01 4.135000e+01 3.905000e+01 4.105000e+01 2.462236e+06]\n ...\n [9.093000e+01 9.198500e+01 8.815000e+01 8.818000e+01 4.728950e+05]\n [8.671000e+01 8.902000e+01 8.591000e+01 8.849000e+01 5.412380e+05]\n [8.804000e+01 8.972000e+01 8.721000e+01 8.849000e+01 4.559440e+05]]",
         "[38.55 38.5  39.15 ... 90.93 86.71 88.04]",
         "[38.74  38.79  41.35  ... 91.985 89.02  89.72 ]",
         "[38.09 38.36 39.05 ... 88.15 85.91 87.21]",
         "[38.56 38.48 41.05 ... 88.18 88.49 88.49]",
         "[ 651874.  452892. 2462236. ...  472895.  541238.  455944.]"
        ],
        [
         "AJG",
         "[[3.800000e+01 3.808000e+01 3.783000e+01 3.797000e+01 3.973890e+05]\n [3.788000e+01 3.800000e+01 3.769000e+01 3.788000e+01 5.006540e+05]\n [3.790000e+01 3.800000e+01 3.777000e+01 3.782000e+01 7.545810e+05]\n ...\n [6.823000e+01 6.881000e+01 6.621000e+01 6.627000e+01 1.778223e+06]\n [6.502000e+01 6.612000e+01 6.410000e+01 6.540000e+01 2.423902e+06]\n [6.536000e+01 6.725000e+01 6.523000e+01 6.611000e+01 1.247795e+06]]",
         "[38.   37.88 37.9  ... 68.23 65.02 65.36]",
         "[38.08 38.   38.   ... 68.81 66.12 67.25]",
         "[37.83 37.69 37.77 ... 66.21 64.1  65.23]",
         "[37.97 37.88 37.82 ... 66.27 65.4  66.11]",
         "[ 397389.  500654.  754581. ... 1778223. 2423902. 1247795.]"
        ],
        [
         "AKAM",
         "[[3.550000e+01 3.558000e+01 3.478000e+01 3.542000e+01 7.049683e+06]\n [3.556000e+01 3.564000e+01 3.490000e+01 3.531000e+01 7.253000e+06]\n [3.536000e+01 3.691000e+01 3.508360e+01 3.674000e+01 9.682277e+06]\n ...\n [6.534000e+01 6.600000e+01 6.269000e+01 6.281000e+01 2.148223e+06]\n [6.170000e+01 6.404000e+01 6.141000e+01 6.367000e+01 3.249136e+06]\n [6.775000e+01 6.865000e+01 6.431000e+01 6.448000e+01 9.634937e+06]]",
         "[35.5  35.56 35.36 ... 65.34 61.7  67.75]",
         "[35.58 35.64 36.91 ... 66.   64.04 68.65]",
         "[34.78   34.9    35.0836 ... 62.69   61.41   64.31  ]",
